" 46100343 "	19
" 46100344 "	26
" 46100345 "	22
" 4610034d "	24
" 4610034e "	20
" 46100350 "	22
" 46100351 "	18
" 46100356 "	5
" 4610035b "	25
" 4610035d "	19
" 46100363 "	18
" 46100364 "	19
" 46100365 "	17
" 46100366 "	28
" 46100367 "	25
" 46100368 "	26
" 46100369 "	28
" 4610036a "	25
" 4610036b "	20
" 4610036c "	21
" 4610036d "	17
" 4610036e "	14
" 4610036f "	9
" 46100373 "	18
" 46100375 "	19
" 46100376 "	23
" 46100377 "	22
" 46100378 "	21
" 46100379 "	19
" 4610037c "	15
" 4610037e "	29
" 4610037f "	27
" 46100381 "	4
" 46100385 "	22
" 46100386 "	21
" 46100388 "	24
" 4610038d "	24
" 46100390 "	6
" 46100393 "	26
" 46100396 "	22
" 46100397 "	11
" 46100398 "	21
" 46100399 "	18
" 461003a2 "	24
" 461003a4 "	25
" 461003a7 "	9
" 461003af "	12
" 461003b0 "	10
" 461003b5 "	13
" 461003ba "	5
" 461003bb "	8
" 461003bc "	18
" 461003c6 "	18
" 461003cc "	27
" 461003cf "	24
" 461003d0 "	18
" 461003d1 "	11
" 461003d3 "	17
" 461003d7 "	16
" 461003d9 "	22
" 461003dd "	31
" 461003de "	17
" 461003e1 "	16
" 461003e2 "	24
" 461003e4 "	22
" 461003e5 "	18
" 461003f3 "	8
" 461003f4 "	19
" 461003f7 "	10
" 461003fe "	13
" 461003ff "	9
" 46100400 "	23
" 46100401 "	24
" 46100403 "	21
" 46100406 "	18
" 4610040b "	20
" 4610040d "	22
" 46100412 "	21
" 46100414 "	21
" 46100418 "	16
" 4610041b "	16
" 4610041d "	17
" 46100424 "	2
" 46100425 "	7
" 46100427 "	4
" 46100428 "	19
" 46100429 "	19
" 46100430 "	22
" 46100437 "	21
" 46100438 "	20
" 4610043e "	25
" 4610043f "	17
" 46100441 "	19
" 46100442 "	19
" 46100443 "	26
" 46100444 "	25
" 46100447 "	25
" 4610044c "	21
" 4610044d "	16
" 4610044e "	28
" 46100450 "	19
" 46100451 "	20
" 46100453 "	22
" 46100454 "	19
" 46100457 "	16
" 46100458 "	2
" 4610045a "	22
" 4610045b "	18
" 4610045c "	23
" 4610045f "	22
" 46100460 "	20
" 46100465 "	14
" 46100467 "	31
" 46100468 "	25
" 46100469 "	19
" 4610046a "	26
" 4610046d "	4
" 4610046f "	21
" 46100470 "	9
" 46100471 "	23
" 46100472 "	27
" 46100474 "	13
" 46100477 "	19
" 4610047a "	21
" 4610047b "	25
" 4610047e "	20
" 4610047f "	25
" 46100480 "	25
" 46100482 "	22
" 46100483 "	23
" 46100484 "	23
" 46100488 "	27
" 4610048c "	16
" 4610048d "	23
" 4610048e "	15
" 46100491 "	4
" 46100492 "	27
" 46100493 "	22
" 46100494 "	30
" 46100495 "	18
" 46100497 "	21
" 46100498 "	12
" 46100499 "	25
" 4610049a "	18
" 4610049b "	19
" 4610049d "	14
" 4610049e "	17
" 461004a0 "	20
" 461004a1 "	17
" 461004a2 "	22
" 461004a3 "	16
" 461004a4 "	19
" 461004a7 "	25
" 461004a8 "	25
" 461004a9 "	14
" 461004ac "	26
" 461004b1 "	26
" 461004b2 "	20
" 461004b3 "	21
" 461004b4 "	21
" 461004b5 "	23
" 461004b7 "	2
" 461004b8 "	11
" 461004ba "	21
" 461004be "	17
" 461004bf "	10
" 461004c0 "	14
" 461004c1 "	22
" 461004c2 "	24
" 461004c5 "	16
" 461004c6 "	21
" 461004c7 "	17
" 461004cb "	5
" 461004cf "	18
" 461004d2 "	21
" 461004d3 "	21
" 461004d4 "	22
" 461004d7 "	24
" 461004dd "	13
" 461004de "	1
" 461004e3 "	23
" 461004e5 "	15
" 461004f4 "	19
" 461004f6 "	22
" 461004f8 "	20
" 461004f9 "	20
" 461004fb "	18
" 461004fc "	19
" 461004fe "	19
" 461004ff "	17
" 46100503 "	20
" 46100506 "	11
" 46100508 "	30
" 4610050a "	21
" 4610050c "	4
" 4610050d "	19
" 46100514 "	10
" 46100516 "	17
" 46100519 "	10
" 4610051c "	22
" 46100520 "	25
" 46100521 "	29
" 46100524 "	14
" 46100525 "	20
" 46100528 "	25
" 4610052a "	22
" 46100534 "	11
" 46100535 "	22
" 46100537 "	12
" 46100538 "	16
" 4610053c "	26
" 4610053e "	12
" 46101335 "	25
" 46101336 "	23
" 46101338 "	20
" 4610133b "	17
" 4610133f "	19
" 46101341 "	20
" 46101342 "	18
" 46101347 "	19
" 46101348 "	18
" 46101352 "	19
" 46101353 "	26
" 46101357 "	20
" 46101359 "	23
" 4610135a "	22
" 4610135b "	21
" 4610135d "	26
" 4610135e "	19
" 4610135f "	19
" 46101361 "	25
" 46101365 "	15
" 46101366 "	19
" 46101369 "	22
" 4610136b "	15
" 4610136c "	24
" 46101372 "	24
" 46101373 "	9
" 46101376 "	8
" 46101377 "	18
" 46101771 "	21
" 46101772 "	26
" 46101774 "	20
" 46101775 "	18
" 46101776 "	3
" 46101777 "	21
" 46101778 "	23
" 46101779 "	25
" 4610177a "	21
" 4610177b "	15
" 4610177c "	22
" 4610177d "	25
" 4610177e "	21
" 46101780 "	17
" 46101781 "	25
" 46101782 "	23
" 46101783 "	28
" 46101784 "	7
" 46101785 "	20
" 46101787 "	27
" 46101788 "	17
" 46101789 "	20
" 4610178a "	18
" 4610178b "	26
" 4610178f "	22
" 46101790 "	17
" 46101791 "	7
" 46101793 "	19
" 46101795 "	21
" 46101796 "	29
" 46101797 "	16
" 46101798 "	21
" 4610179a "	27
" 4610179c "	28
" 4610179e "	29
" 4610179f "	18
" 461017a2 "	22
" 461017a3 "	20
" 461017a5 "	24
" 461017a6 "	25
" 461017a7 "	24
" 461017ab "	23
" 461017ac "	16
" 461017ad "	20
" 461017ae "	20
" 461017af "	19
" 461017b3 "	14
" 461017b5 "	14
" 461017b6 "	26
" 461017b7 "	24
" 461017b9 "	18
" 461017ba "	27
" 461017bb "	19
" 461017bd "	18
" 461017bf "	24
" 461017c2 "	21
" 461017c5 "	13
" 461017c6 "	15
" 461017c7 "	18
" 461017c8 "	15
" 461017ca "	20
" 461017cc "	17
" 461017cd "	24
" 461017cf "	15
" 461017d2 "	21
" 461017d3 "	22
" 461017d7 "	21
" 461017d8 "	10
" 461017d9 "	17
" 461017da "	19
" 461017dc "	21
" 461017dd "	11
" 461017de "	18
" 461017df "	19
" 461017e0 "	20
" 461017e1 "	21
" 461017e2 "	20
" 461017e3 "	16
" 461017e4 "	17
" 461017e5 "	27
" 461017e6 "	17
" 461017e7 "	24
" 461017e8 "	10
" 461017e9 "	13
" 461017ea "	21
" 461017eb "	16
" 461017ec "	25
" 461017ed "	25
" 461017ee "	20
" 461017ef "	28
" 461017f0 "	27
" 461017f1 "	22
" 461017f2 "	25
" 461017f3 "	22
" 461017f4 "	25
" 461017f5 "	12
" 461017f6 "	21
" 461017f7 "	23
" 461017f8 "	17
" 461017f9 "	16
" 461017fa "	22
" 461017fb "	21
" 461017fc "	26
" 461017fd "	20
" 461017fe "	20
" 461017ff "	22
" 46101800 "	12
" 46101801 "	22
" 46101802 "	19
" 46101803 "	15
" 46101804 "	29
" 46101805 "	23
" 46101806 "	32
" 46101807 "	22
" 46101809 "	15
" 4610180a "	23
" 4610180b "	19
" 4610180c "	24
" 4610180e "	13
" 4610180f "	27
" 46101810 "	22
" 46101812 "	17
" 46101813 "	12
" 46101814 "	22
" 46101815 "	17
" 46101816 "	20
" 46101817 "	22
" 46101818 "	22
" 46101819 "	17
" 4610181a "	23
" 4610181b "	23
" 4610181c "	26
" 4610181d "	14
" 4610181e "	23
" 4610181f "	24
" 46101820 "	24
" 46101821 "	11
" 46101823 "	21
" 46101824 "	23
" 46101825 "	17
" 46101826 "	15
" 46101827 "	14
" 46101828 "	21
" 46101829 "	23
" 4610182a "	27
" 4610182b "	26
" 4610182c "	23
" 4610182d "	15
" 4610182e "	21
" 4610182f "	21
" 46101830 "	27
" 46101832 "	16
" 46101833 "	22
" 46101834 "	31
" 46101835 "	27
" 46101836 "	23
" 46101838 "	23
" 46101839 "	29
" 4610183b "	22
" 46101840 "	16
" 46101842 "	25
" 46101847 "	13
" 46101849 "	15
" 46101851 "	12
" 46101853 "	11
" 4610185c "	30
" 4610185d "	21
" 46101862 "	23
" 46101863 "	22
" 46100025 "	15
" 46100082 "	8
" 46100085 "	6
" 461000a0 "	14
" 461000ab "	18
" 461000b4 "	21
" 461000b5 "	24
" 461000b6 "	7
" 461000b7 "	26
" 461000b8 "	15
" 461000b9 "	21
" 461000ba "	16
" 461000bf "	21
" 461000c1 "	21
" 461000c3 "	15
" 461000c4 "	18
" 461000c7 "	5
" 461000c8 "	22
" 461000ce "	24
" 461000cf "	15
" 461000d9 "	16
" 461000db "	19
" 461000dd "	25
" 461000de "	24
" 461000e0 "	8
" 461000e3 "	21
" 461000e4 "	26
" 461000e6 "	2
" 461000e7 "	23
" 461000ea "	13
" 461000eb "	17
" 461000ec "	19
" 461000ee "	16
" 461000f6 "	17
" 461000f9 "	13
" 461000fd "	21
" 461000ff "	14
" 46100100 "	17
" 46100103 "	13
" 46100107 "	23
" 46100109 "	8
" 4610010f "	18
" 46100119 "	24
" 4610011b "	19
" 4610011d "	17
" 4610011f "	21
" 46100121 "	20
" 46100124 "	16
" 4610012a "	12
" 4610012c "	18
" 4610012d "	23
" 46100131 "	21
" 46100134 "	19
" 46100137 "	21
" 46100138 "	21
" 4610013d "	19
" 4610013f "	11
" 46100140 "	10
" 46100142 "	22
" 46100145 "	26
" 46100146 "	17
" 46100148 "	18
" 4610014a "	21
" 46100151 "	15
" 4610015a "	21
" 4610015b "	26
" 4610015e "	22
" 4610015f "	7
" 46100164 "	18
" 4610016d "	22
" 4610016e "	14
" 4610017b "	23
" 4610017c "	16
" 46100181 "	24
" 46100186 "	20
" 4610018f "	30
" 46100190 "	14
" 46100191 "	12
" 46100198 "	17
" 4610019f "	10
" 461001a1 "	18
" 461001a2 "	19
" 461001a4 "	20
" 461001a6 "	11
" 461001aa "	19
" 461001ab "	23
" 461001ae "	14
" 461001af "	20
" 461001b0 "	12
" 461001b5 "	23
" 461001bb "	31
" 461001be "	16
" 461001c0 "	15
" 461001c4 "	15
" 461001c6 "	17
" 461001c8 "	10
" 461001ca "	9
" 461001cb "	22
" 461001cd "	9
" 461001d0 "	5
" 461001d1 "	18
" 461001d2 "	21
" 461001d4 "	12
" 461001da "	22
" 461001db "	11
" 461001df "	19
" 461001e0 "	9
" 461001e6 "	5
" 461001eb "	14
" 461001ec "	23
" 461001ee "	13
" 461001f1 "	14
" 461001f8 "	12
" 46100200 "	18
" 46100204 "	12
" 46100205 "	15
" 46100206 "	20
" 46100207 "	22
" 46100209 "	8
" 4610020a "	22
" 4610020d "	19
" 4610020e "	17
" 46100210 "	11
" 46100214 "	18
" 46100218 "	16
" 4610021b "	14
" 4610021c "	14
" 46100221 "	18
" 46100222 "	12
" 46100223 "	15
" 46100224 "	26
" 46100226 "	21
" 46100227 "	14
" 46100229 "	24
" 4610022e "	14
" 46100230 "	15
" 46100231 "	15
" 46100232 "	15
" 46100235 "	19
" 46100236 "	24
" 46100237 "	15
" 46100239 "	6
" 4610023b "	11
" 4610023c "	6
" 4610023e "	22
" 46100243 "	18
" 46100246 "	3
" 46100253 "	20
" 46100254 "	7
" 46100259 "	11
" 4610025e "	21
" 46100260 "	12
" 46100262 "	20
" 46100264 "	14
" 46100269 "	13
" 4610026b "	21
" 46100270 "	22
" 46100271 "	18
" 46100277 "	23
" 46100279 "	18
" 4610027b "	22
" 4610027e "	24
" 46100280 "	20
" 46100281 "	21
" 46100283 "	21
" 46100288 "	17
" 4610028c "	18
" 4610028d "	25
" 4610028e "	19
" 4610028f "	21
" 46100293 "	14
" 46100298 "	17
" 4610029a "	18
" 4610029d "	3
" 461002a0 "	23
" 461002a1 "	25
" 461002a2 "	23
" 461002a3 "	19
" 461002a6 "	12
" 461002a8 "	24
" 461002b1 "	29
" 461002b2 "	5
" 461002b3 "	23
" 461002b5 "	24
" 461002ba "	15
" 461002bb "	26
" 461002bc "	26
" 461002d7 "	16
" 461002d8 "	20
" 461002db "	21
" 461002dc "	18
" 461002dd "	19
" 461002df "	20
" 461002e0 "	11
" 461002e1 "	22
" 461002e2 "	19
" 461002e3 "	20
" 461002e7 "	17
" 461002eb "	11
" 461002ff "	22
" 46100301 "	1
" 46100304 "	5
" 46100305 "	15
" 4610030b "	20
" 4610030d "	21
" 46100315 "	6
" 4610031b "	19
" 4610031e "	29
" 46100320 "	18
" 46100321 "	22
" 46100322 "	23
" 46100323 "	21
" 46100325 "	31
" 46100326 "	22
" 46100327 "	18
" 46100329 "	16
" 4610032a "	24
" 4610032b "	26
" 4610032c "	7
" 4610032d "	19
" 46100332 "	21
" 46100336 "	19
" 46100338 "	28
" 46100339 "	22
" 4610033a "	21
" 4610033e "	28
" 46100342 "	17
" 46100774 "	17
" 46100775 "	22
" 46100776 "	24
" 46100777 "	17
" 46100778 "	11
" 46100779 "	16
" 4610077a "	8
" 4610077b "	19
" 4610077c "	23
" 4610077e "	24
" 4610077f "	24
" 46100780 "	20
" 46100781 "	20
" 46100783 "	17
" 46100784 "	18
" 46100785 "	19
" 46100787 "	22
" 4610078b "	11
" 4610078c "	17
" 4610078d "	21
" 46100797 "	28
" 4610079d "	19
" 4610079e "	30
" 4610079f "	20
" 461007a6 "	19
" 461007bd "	17
" 461007cc "	25
" 461007d5 "	12
" 461007d9 "	23
" 461007de "	21
" 461007e1 "	20
" 461007e2 "	15
" 461007e3 "	14
" 461007e4 "	29
" 461007e7 "	16
" 461007eb "	7
" 461007f5 "	12
" 461007f8 "	28
" 461007fb "	21
" 461007fe "	22
" 46100809 "	23
" 4610080b "	16
" 46100817 "	8
" 46100818 "	23
" 4610081c "	14
" 4610081d "	21
" 4610081f "	21
" 46100820 "	8
" 46100821 "	19
" 46100822 "	17
" 46100829 "	30
" 4610082b "	17
" 4610082e "	20
" 46100830 "	20
" 46100831 "	8
" 46100832 "	15
" 46100899 "	24
" 461008a5 "	12
" 461008a6 "	21
" 461008ab "	13
" 461008ac "	25
" 461008ae "	11
" 46100d09 "	10
" 46100fa3 "	29
" 46100fa6 "	18
" 46100fa9 "	23
" 46100fac "	18
" 46100fad "	17
" 46100fb0 "	5
" 46100fb1 "	24
" 46100fb2 "	21
" 46100fb4 "	19
" 46100fb9 "	25
" 46100fbb "	8
" 46100fbc "	25
" 46100fbe "	18
" 46100fbf "	5
" 46100fc1 "	22
" 46100fc6 "	13
" 46100fca "	17
" 46100fcb "	18
" 46100fcd "	7
" 46100fce "	26
" 46100fd0 "	19
" 46100fd4 "	24
" 46100fd5 "	27
" 46100fd8 "	22
" 46100fda "	16
" 46100fdb "	18
" 46100fdc "	9
" 46100fde "	22
" 46100fe3 "	11
" 46100fe7 "	23
" 46100fe8 "	18
" 46100fea "	15
" 46100feb "	10
" 46100fec "	23
" 46100fef "	20
" 46100ff1 "	25
" 46100ff3 "	23
" 46100ff4 "	18
" 46100ff6 "	19
" 46100ff7 "	25
" 46100ff8 "	22
" 46100ffa "	19
" 46100ffb "	22
" 46100ffc "	29
" 46100ffe "	16
" 46100fff "	14
" 46101000 "	25
" 46101001 "	22
" 46101003 "	19
" 46101005 "	20
" 46101006 "	11
" 46101007 "	26
" 46101008 "	28
" 46101009 "	25
" 4610100a "	22
" 4610100b "	20
" 4610100c "	24
" 4610100d "	19
" 4610100e "	24
" 46101011 "	28
" 46101012 "	22
" 46101013 "	20
" 46101014 "	7
" 46101015 "	22
" 46101016 "	18
" 46101017 "	16
" 46101018 "	8
" 46101019 "	28
" 4610101a "	24
" 4610101b "	24
" 4610101c "	20
" 4610101e "	23
" 46101021 "	19
" 46101023 "	24
" 46101024 "	20
" 46101025 "	29
" 46101026 "	23
" 46101028 "	21
" 4610102a "	2
" 4610102b "	22
" 4610102c "	15
" 4610102d "	22
" 4610102f "	16
" 46101030 "	27
" 46101031 "	22
" 46101032 "	21
" 46101033 "	20
" 46101034 "	22
" 46101039 "	18
" 4610103a "	29
" 4610103b "	19
" 4610103d "	25
" 4610103f "	19
" 46101040 "	16
" 46101042 "	20
" 46101043 "	13
" 46101047 "	10
" 46101048 "	26
" 4610104a "	24
" 4610104b "	22
" 4610104d "	20
" 46101050 "	22
" 46101051 "	19
" 46101053 "	28
" 46101055 "	23
" 46101056 "	27
" 46101057 "	25
" 4610105a "	18
" 4610105b "	25
" 4610105d "	24
" 4610105f "	21
" 46101060 "	18
" 46101061 "	16
" 46101062 "	18
" 46101067 "	30
" 46101068 "	12
" 4610106a "	19
" 4610106b "	28
" 4610106e "	23
" 46101070 "	19
" 46101072 "	20
" 46101073 "	24
" 46101076 "	16
" 46101077 "	18
" 46101079 "	24
" 4610107b "	21
" 4610107c "	27
" 4610107d "	18
" 4610107e "	20
" 4610107f "	23
" 46101081 "	22
" 46101082 "	22
" 46101083 "	25
" 46101084 "	24
" 46101085 "	21
" 46101086 "	16
" 46101088 "	25
" 46101089 "	16
" 4610108b "	17
" 4610108d "	22
" 4610108e "	18
" 46101090 "	24
" 46101092 "	14
" 46101096 "	21
" 46101097 "	25
" 46101099 "	21
" 4610109b "	20
" 4610109c "	26
" 4610109f "	17
" 461010a1 "	25
" 461010a2 "	26
" 461010a5 "	7
" 461010a6 "	9
" 461010a8 "	11
" 461010a9 "	22
" 461010aa "	21
" 461010ac "	15
" 461010ad "	20
" 461010ae "	11
" 461010b0 "	23
" 461010b1 "	24
" 461010b2 "	13
" 461010b3 "	23
" 461010b5 "	19
" 461010b7 "	24
" 461010b8 "	2
" 461010b9 "	23
" 461010ba "	22
" 461010bb "	21
" 461010bc "	21
" 461010bd "	23
" 461010be "	22
" 461010bf "	27
" 461010c0 "	18
" 461010c1 "	23
" 461010c2 "	17
" 461010c3 "	15
" 461010c4 "	26
" 461010c5 "	22
" 461010c6 "	21
" 461010c9 "	20
" 461010ca "	16
" 461010cb "	23
" 461010cc "	25
" 461010cd "	21
" 461010cf "	20
" 461010d0 "	19
" 461010d1 "	19
" 461010d2 "	5
" 461010d3 "	19
" 461010d6 "	21
" 461010d8 "	24
" 461010d9 "	22
" 461010da "	24
" 461010db "	6
" 461010dc "	16
" 461010dd "	25
" 461010e0 "	22
" 461010e7 "	20
" 461010e8 "	20
" 461010ee "	17
" 461010ef "	19
" 461010f0 "	19
" 461010f2 "	22
" 461010f5 "	10
" 461010f6 "	19
" 461010f7 "	25
" 461010f9 "	13
" 461010fa "	13
" 461010fb "	22
" 461010fc "	21
" 46101100 "	24
" 46101101 "	23
" 46101103 "	22
" 46101105 "	19
" 46101107 "	28
" 46101108 "	15
" 46101109 "	19
" 4610110a "	16
" 4610110b "	14
" 4610110c "	23
" 4610110e "	17
" 4610110f "	19
" 46101111 "	21
" 46101112 "	20
" 46101114 "	24
" 46101115 "	15
" 46101117 "	20
" 46101118 "	5
" 4610111e "	22
" 46101121 "	24
" 46101122 "	23
" 46101125 "	9
" 46101126 "	19
" 46101127 "	16
" 46101128 "	25
" 46101129 "	21
" 4610112b "	14
" 4610112c "	16
" 46101130 "	20
" 46101132 "	26
" 46101133 "	18
" 46101135 "	17
" 46101136 "	18
" 46101137 "	21
" 46101138 "	23
" 46101139 "	21
" 4610113a "	20
" 4610113b "	19
" 4610113c "	24
" 4610113e "	5
" 46101140 "	23
" 46101141 "	22
" 46101142 "	22
" 46101143 "	22
" 46101144 "	21
" 46101145 "	18
" 46101146 "	22
" 46101147 "	22
" 46101148 "	24
" 46101149 "	15
" 4610114a "	27
" 4610114c "	27
" 4610114d "	16
" 4610114e "	24
" 4610114f "	19
" 46101150 "	28
" 46101152 "	19
" 46101154 "	19
" 46101155 "	24
" 46101156 "	17
" 46101157 "	20
" 46101158 "	21
" 46101159 "	19
" 4610115a "	22
" 4610115c "	22
" 4610115f "	22
" 46101160 "	18
" 46101161 "	20
" 46101163 "	28
" 46101164 "	18
" 46101165 "	16
" 46101166 "	22
" 46101167 "	30
" 46101168 "	25
" 46101169 "	25
" 4610116a "	24
" 4610116b "	15
" 4610116f "	26
" 46101170 "	18
" 46101171 "	20
" 46101173 "	9
" 46101174 "	22
" 46101176 "	22
" 46101178 "	20
" 46101179 "	24
" 4610117a "	7
" 4610117b "	18
" 4610117c "	23
" 4610117d "	25
" 4610117e "	21
" 4610117f "	26
" 46101180 "	26
" 46101181 "	18
" 46101183 "	27
" 46101184 "	24
" 46101186 "	22
" 46101187 "	16
" 46101189 "	20
" 4610118a "	16
" 4610118b "	23
" 4610118c "	18
" 4610118d "	26
" 4610118e "	22
" 4610118f "	18
" 46101190 "	29
" 46101191 "	14
" 46101193 "	21
" 46101194 "	26
" 46101195 "	15
" 46101197 "	4
" 4610119a "	18
" 4610119d "	20
" 4610119f "	11
" 461011a0 "	22
" 461011a1 "	27
" 461011a3 "	20
" 461011a4 "	20
" 461011a5 "	20
" 461011a6 "	19
" 461011a7 "	7
" 461011a8 "	21
" 461011aa "	24
" 461011ab "	28
" 461011ac "	9
" 461011af "	25
" 461011b1 "	18
" 461011b2 "	25
" 461011b3 "	16
" 461011b4 "	12
" 461011b5 "	23
" 4610053f "	14
" 46100542 "	18
" 46100544 "	20
" 46100545 "	14
" 46100548 "	13
" 4610054c "	22
" 4610054d "	17
" 4610054e "	21
" 46100551 "	17
" 46100552 "	20
" 46100553 "	17
" 46100554 "	22
" 46100556 "	20
" 46100557 "	19
" 46100559 "	18
" 4610055d "	4
" 46100560 "	5
" 46100567 "	25
" 46100568 "	15
" 4610056f "	20
" 46100571 "	8
" 46100572 "	15
" 46100573 "	14
" 46100575 "	23
" 46100577 "	20
" 46100578 "	18
" 4610057b "	20
" 4610057f "	21
" 46100580 "	13
" 46100582 "	17
" 46100589 "	19
" 4610058a "	25
" 4610058b "	25
" 4610058e "	16
" 4610058f "	26
" 46100590 "	17
" 46100591 "	20
" 46100592 "	17
" 46100593 "	20
" 46100595 "	25
" 46100596 "	20
" 46100599 "	21
" 4610059a "	14
" 4610059c "	26
" 4610059d "	24
" 4610059e "	20
" 461005a1 "	16
" 461005a3 "	25
" 461005a5 "	18
" 461005a6 "	22
" 461005a7 "	19
" 461005ac "	19
" 461005ad "	21
" 461005ae "	20
" 461005b0 "	18
" 461005b1 "	16
" 461005b2 "	21
" 461005b3 "	21
" 461005b4 "	1
" 461005b7 "	34
" 461005b9 "	21
" 461005ba "	19
" 461005bc "	18
" 461005bf "	24
" 461005c1 "	31
" 461005c4 "	20
" 461005c5 "	16
" 461005c6 "	28
" 461005c7 "	9
" 461005c9 "	22
" 461005cb "	26
" 461005ce "	19
" 461005d2 "	22
" 461005d5 "	17
" 461005d6 "	29
" 461005d7 "	22
" 461005d8 "	23
" 461005da "	21
" 461005db "	15
" 461005dc "	19
" 461005de "	4
" 461005df "	18
" 461005e1 "	23
" 461005e4 "	22
" 461005e5 "	14
" 461005e6 "	12
" 461005e8 "	22
" 461005e9 "	9
" 461005ea "	22
" 461005eb "	18
" 461005ec "	21
" 461005f0 "	21
" 461005f1 "	1
" 461005f7 "	17
" 461005fa "	9
" 461005fe "	15
" 46100600 "	12
" 46100605 "	26
" 46100608 "	22
" 4610060b "	21
" 4610060e "	23
" 46100615 "	20
" 4610061b "	21
" 4610061c "	18
" 46100623 "	24
" 46100626 "	21
" 4610062d "	18
" 4610062f "	17
" 46100630 "	14
" 46100634 "	10
" 46100637 "	12
" 46100638 "	15
" 4610063a "	19
" 4610063b "	16
" 4610063f "	8
" 46100640 "	25
" 46100641 "	10
" 46100642 "	19
" 46100643 "	14
" 46100648 "	16
" 4610064e "	16
" 4610064f "	12
" 46100656 "	22
" 46100659 "	17
" 4610065a "	10
" 4610065f "	24
" 46100667 "	15
" 4610066a "	23
" 4610066c "	22
" 4610066d "	20
" 46100671 "	6
" 46100673 "	19
" 46100674 "	24
" 46100675 "	20
" 46100679 "	24
" 4610067b "	8
" 4610067d "	20
" 4610067f "	8
" 46100684 "	22
" 46100687 "	13
" 46100688 "	12
" 4610068e "	23
" 4610068f "	18
" 46100691 "	23
" 46100693 "	7
" 46100695 "	16
" 46100696 "	19
" 4610069d "	26
" 4610069e "	22
" 461006a6 "	7
" 461006a7 "	18
" 461006a8 "	4
" 461006aa "	18
" 461006ab "	22
" 461006ac "	24
" 461006ae "	22
" 461006b3 "	22
" 461006b5 "	22
" 461006b6 "	22
" 461006ba "	25
" 461006bb "	17
" 461006bf "	19
" 461006c2 "	18
" 461006c4 "	20
" 461006c9 "	24
" 461006cd "	3
" 461006d1 "	9
" 461006d3 "	24
" 461006d9 "	10
" 461006da "	19
" 461006dd "	22
" 461006e2 "	17
" 461006e5 "	21
" 461006eb "	23
" 461006ed "	15
" 461006f0 "	16
" 461006f3 "	18
" 461006f4 "	22
" 461006f5 "	29
" 461006f7 "	20
" 461006fa "	19
" 461006fc "	16
" 46100702 "	18
" 46100704 "	24
" 46100706 "	28
" 46100708 "	22
" 46100709 "	18
" 4610070d "	17
" 4610070e "	16
" 46100715 "	20
" 46100716 "	22
" 46100717 "	25
" 4610071c "	15
" 46100721 "	18
" 46100723 "	12
" 46100725 "	10
" 46100726 "	18
" 46100728 "	9
" 4610072d "	12
" 46100733 "	17
" 46100734 "	21
" 4610073f "	16
" 46100742 "	16
" 46100746 "	23
" 46100747 "	28
" 46100748 "	16
" 4610074a "	21
" 4610074f "	19
" 46100750 "	19
" 46100751 "	21
" 4610075b "	21
" 4610075e "	29
" 46100763 "	3
" 46100764 "	14
" 46100765 "	21
" 4610076a "	16
" 4610076b "	21
" 46100773 "	19
" 461011b7 "	6
" 461011b8 "	22
" 461011b9 "	23
" 461011ba "	17
" 461011bb "	17
" 461011bc "	24
" 461011c1 "	26
" 461011c3 "	17
" 461011c4 "	23
" 461011c5 "	24
" 461011c6 "	22
" 461011c7 "	20
" 461011c9 "	15
" 461011cb "	23
" 461011cd "	20
" 461011cf "	26
" 461011d0 "	20
" 461011d1 "	13
" 461011d3 "	20
" 461011d4 "	2
" 461011d5 "	18
" 461011d7 "	22
" 461011d8 "	17
" 461011dd "	19
" 461011de "	21
" 461011df "	20
" 461011e1 "	14
" 461011e4 "	13
" 461011e5 "	15
" 461011e6 "	25
" 461011e8 "	4
" 461011e9 "	22
" 461011ea "	25
" 461011ed "	22
" 461011ef "	8
" 461011f0 "	18
" 461011f3 "	27
" 461011f4 "	6
" 461011f5 "	7
" 461011f6 "	17
" 461011f7 "	19
" 461011f9 "	18
" 461011fa "	25
" 461011fb "	24
" 461011fc "	16
" 461011fd "	20
" 461011ff "	24
" 46101200 "	19
" 46101201 "	18
" 46101203 "	11
" 46101208 "	19
" 46101209 "	22
" 4610120a "	23
" 4610120d "	10
" 4610120e "	8
" 4610120f "	15
" 46101210 "	21
" 46101211 "	13
" 46101213 "	23
" 46101219 "	22
" 4610121a "	19
" 4610121e "	24
" 46101222 "	27
" 46101223 "	8
" 46101225 "	22
" 46101226 "	19
" 46101227 "	23
" 46101228 "	22
" 46101229 "	25
" 4610122a "	23
" 4610122b "	15
" 4610122c "	29
" 46101232 "	23
" 46101233 "	16
" 46101234 "	24
" 46101235 "	6
" 46101238 "	24
" 4610123a "	24
" 4610123c "	27
" 4610123d "	21
" 4610123e "	34
" 4610123f "	15
" 46101240 "	26
" 46101241 "	18
" 46101243 "	15
" 46101244 "	19
" 46101245 "	13
" 46101247 "	23
" 46101248 "	24
" 4610124d "	4
" 4610124e "	25
" 4610124f "	24
" 46101254 "	22
" 46101256 "	22
" 46101257 "	17
" 46101259 "	21
" 4610125a "	23
" 4610125e "	5
" 4610125f "	21
" 46101260 "	20
" 46101261 "	22
" 46101263 "	19
" 46101265 "	18
" 46101266 "	32
" 46101268 "	22
" 4610126a "	17
" 4610126b "	26
" 4610126c "	27
" 4610126d "	25
" 4610126f "	22
" 46101271 "	17
" 46101274 "	25
" 46101276 "	19
" 46101277 "	7
" 46101278 "	28
" 46101279 "	17
" 4610127b "	31
" 4610127c "	25
" 4610127d "	26
" 4610127e "	28
" 4610127f "	28
" 46101280 "	17
" 46101281 "	28
" 46101282 "	21
" 46101283 "	18
" 46101284 "	24
" 46101285 "	2
" 46101286 "	3
" 4610129a "	15
" 461012a1 "	24
" 461012a6 "	14
" 461012a8 "	13
" 461012ab "	27
" 461012ad "	21
" 461012b0 "	26
" 461012b4 "	9
" 461012b5 "	19
" 461012b6 "	15
" 461012b8 "	20
" 461012be "	20
" 461012c0 "	24
" 461012c2 "	18
" 461012c3 "	18
" 461012c4 "	23
" 461012c5 "	22
" 461012c6 "	17
" 461012c8 "	20
" 461012c9 "	19
" 461012cc "	22
" 461012cf "	31
" 461012d1 "	15
" 461012d3 "	19
" 461012d7 "	10
" 461012da "	24
" 461012dc "	19
" 461012dd "	21
" 461012df "	31
" 461012e0 "	27
" 461012e1 "	23
" 461012ea "	20
" 461012eb "	18
" 461012ec "	21
" 461012ed "	21
" 461012ee "	11
" 461012f0 "	17
" 461012f1 "	24
" 461012f3 "	14
" 461012f7 "	22
" 461012f8 "	21
" 461012f9 "	19
" 461012fa "	23
" 461012fc "	26
" 461012fe "	23
" 46101301 "	23
" 46101302 "	20
" 46101304 "	15
" 46101305 "	27
" 46101306 "	27
" 46101307 "	23
" 46101308 "	14
" 46101309 "	21
" 4610130a "	24
" 4610130b "	26
" 4610130e "	13
" 4610130f "	12
" 46101311 "	21
" 46101312 "	18
" 46101313 "	5
" 46101314 "	8
" 46101315 "	6
" 46101316 "	18
" 46101317 "	11
" 46101319 "	24
" 4610131e "	10
" 46101320 "	33
" 46101322 "	24
" 46101326 "	22
" 46101327 "	18
" 46101329 "	14
" 4610132a "	26
" 4610132d "	10
" 4610132f "	15
" 46101331 "	22
" 46101332 "	11
" 46101333 "	3
" 46101334 "	23
" 46101864 "	20
" 46101867 "	22
" 46101869 "	28
" 4610186a "	22
" 4610186b "	17
" 4610186c "	20
" 4610186d "	12
" 46101870 "	15
" 46101885 "	11
" 46101888 "	18
" 4610188d "	11
" 4610188e "	24
" 4610188f "	19
" 46101891 "	25
" 46101892 "	22
" 46101894 "	13
" 46101895 "	25
" 46101896 "	21
" 46101897 "	30
" 46101898 "	20
" 46101899 "	16
" 4610189a "	16
" 4610189d "	19
" 461018a0 "	15
" 461018a1 "	26
" 461018a2 "	17
" 461018a3 "	21
" 461018a4 "	25
" 461018a5 "	21
" 461018a7 "	16
" 461018a8 "	24
" 461018aa "	25
" 461018ab "	18
" 461018ac "	26
" 461018ad "	22
" 461018af "	18
" 461018b2 "	21
" 461018b3 "	24
" 461018b4 "	21
" 461018b6 "	18
" 461018b7 "	22
" 461018b8 "	22
" 461018b9 "	19
" 461018ba "	23
" 461018bb "	26
" 461018bc "	9
" 461018be "	17
" 461018bf "	20
" 461018c0 "	16
" 461018c1 "	12
" 461018c3 "	22
" 461018c4 "	21
" 461018c6 "	24
" 461018c8 "	20
" 461018ca "	24
" 461018cb "	20
" 461018cc "	26
" 461018cd "	24
" 461018ce "	34
" 461018d1 "	16
" 461018d3 "	24
" 461018d6 "	17
" 461018d7 "	23
" 461018d8 "	22
" 461018d9 "	18
" 461018da "	10
" 461018db "	25
" 461018dc "	26
" 461018dd "	20
" 461018df "	14
" 461018e0 "	4
" 461018e1 "	24
" 461018e3 "	23
" 461018e4 "	26
" 461018e5 "	22
" 461018e6 "	27
" 461018e7 "	24
" 461018e8 "	21
" 461018e9 "	13
" 461018ec "	23
" 461018ef "	5
" 461018f0 "	24
" 461018f2 "	28
" 461018f4 "	25
" 461018f6 "	27
" 461018f9 "	22
" 461018fa "	20
" 461018fb "	16
" 461018fc "	21
" 46101900 "	24
" 46101901 "	21
" 46101902 "	9
" 46101903 "	22
" 46101904 "	25
" 46101905 "	12
" 46101908 "	22
" 46101909 "	22
" 4610190c "	21
" 4610190d "	22
" 46101910 "	25
" 46101911 "	5
" 46101912 "	23
" 46101914 "	21
" 46101915 "	15
" 46101916 "	19
" 46101918 "	27
" 46101919 "	22
" 4610191d "	23
" 46101921 "	21
" 46101922 "	21
" 46101923 "	25
" 46101924 "	24
" 46101925 "	23
" 46101929 "	22
" 4610192a "	24
" 4610192b "	22
" 4610192d "	16
" 4610192f "	26
" 46101930 "	13
" 46101932 "	16
" 46101935 "	15
" 46101936 "	21
" 46101938 "	21
" 4610193a "	17
" 4610193b "	20
" 4610193d "	15
" 46101940 "	20
" 46101941 "	20
" 46101942 "	23
" 46101943 "	23
" 46101944 "	18
" 46101945 "	24
" 46101946 "	24
" 46101948 "	22
" 46101949 "	22
" 4610194a "	21
" 4610194b "	15
" 4610194c "	21
" 4610194e "	27
" 46101950 "	22
" 46101952 "	24
" 46101953 "	22
" 46101954 "	27
" 46101955 "	22
" 46101956 "	20
" 46101957 "	23
" 46101958 "	18
" 46101959 "	13
" 4610195a "	24
" 4610195b "	24
" 4610195e "	20
" 4610195f "	15
" 46101960 "	21
" 46101961 "	21
" 46101962 "	28
" 46101964 "	22
" 46101967 "	27
" 46101968 "	27
" 4610196a "	26
" 4610196b "	21
" 4610196c "	14
" 4610196d "	21
" 4610196e "	27
" 4610196f "	21
" 46101971 "	27
" 46101972 "	16
" 46101973 "	22
" 46101974 "	16
" 46101975 "	17
" 46101976 "	22
" 46101977 "	23
" 46101978 "	25
" 46101979 "	20
" 4610197b "	23
" 4610197c "	14
" 4610197d "	16
" 4610197e "	13
" 4610197f "	24
" 46101981 "	21
" 46101982 "	26
" 46101983 "	20
" 46101984 "	22
" 46101985 "	18
" 46101986 "	24
" 46101988 "	21
" 46101989 "	18
" 4610198a "	19
" 4610198c "	6
" 46101b98 "	22
" 46101bbb "	18
" 46101bc2 "	10
" oid "	1
